1103 2
847 -1.0984461 3.0137508
383 2.7267697 0.99632144
231 -0.24650127 1.4021491
125 -1.0144852 2.7739944
244 0.5576584 0.65600866
693 -0.187229 1.2988054
230 2.648287 1.0060134
182 2.6890168 1.0030701
1084 0.47337335 0.62822354
889 0.12737645 1.1098711
196 2.797705 1.0267566
193 2.756117 1.0283926
1034 -2.3073673 5.6812134
152 2.8887897 1.0327624
737 3.7838993 7.503882
183 3.2483423 1.1339431
619 2.4985318 0.9388044
1069 -0.67032266 2.267201
322 0.011304618 1.0984498
303 2.7158046 1.0155628
214 2.9793296 1.0793508
203 1.6233847 0.78026146
588 -1.6688857 4.3205605
313 1.384535 0.7156372
829 2.496823 0.8189415
158 3.1458745 1.1106179
1075 -0.014955589 1.1454741
113 0.4256684 0.60179883
702 -0.78381115 2.5237525
401 3.138495 1.116589
287 5.7694154 1.600504
170 1.1860689 0.7001723
181 3.158406 1.1190709
895 0.50709176 0.85052496
598 -0.44734123 1.8017646
373 3.101 1.112552
705 -2.6903381 6.5689836
329 1.7796242 0.78695786
653 -1.2123796 3.3166583
79 0.036678 1.1642349
961 -0.3031084 1.63884
563 -0.92800534 2.7514014
436 -3.170022 7.5776777
558 -0.50251466 1.8730546
350 0.9875773 0.69477826
795 3.9950771 6.8102007
517 -2.0801344 5.1709766
909 0.5484741 0.8060182
514 -1.0833045 2.8597853
885 0.5660132 0.69038546
650 3.8702645 7.2650695
519 -0.5832113 2.1319823
366 0.35701966 0.5668547
445 6.153733 1.6886122
389 5.7353816 1.6124319
257 0.6226543 0.67679155
55 -1.70641 4.367293
521 -0.08452056 1.271488
520 -2.086458 5.1519637
842 -0.96627736 2.7214713
760 -0.92022014 2.7313905
1097 0.60097945 0.8379196
4 5.0258017 1.545291
547 -0.60780513 2.1694937
771 3.5402389 7.156414
253 0.11667446 1.0661787
673 3.6621668 7.2223225
665 0.35493514 0.7584522
1093 -1.5104501 4.017593
1027 -0.91214097 2.8264809
439 2.406983 0.78500116
1103 4.6601644 1.4032745
278 -0.8691023 2.5047042
342 -3.5716524 8.5664835
81 2.6803503 0.9286879
334 1.5111645 0.66072816
15 4.4549994 1.2250761
428 0.42429632 0.8796175
596 -1.5206766 3.9467351
73 -2.3295846 5.624635
211 4.8610244 1.3334982
863 -0.6752724 2.1378336
988 0.1734584 1.0352631
740 -0.87523556 2.6595259
169 0.9283031 0.724856
478 1.8344377 0.8075673
101 5.2275314 1.4232467
1076 -1.1446608 3.251072
1099 7.3375072 2.136844
238 3.5655265 6.8963423
709 3.666419 6.937404
528 3.5922563 6.981912
696 0.04500597 1.1653396
565 0.33881968 0.93529075
811 -2.1783538 5.054257
862 0.8963714 0.7526652
332 -0.91490006 2.522436
602 3.9732983 6.510027
929 2.3933196 0.9234666
1073 -0.2527304 1.5552008
431 0.20197514 1.0769308
438 5.9699306 1.6580826
559 6.3626657 1.7697537
432 5.204143 1.4421265
506 -1.9248235 4.981825
1020 -0.8621228 2.6524248
405 1.8184347 0.7857382
97 5.64923 1.5549785
814 6.4155483 1.8758641
295 3.4903018 1.165216
202 -2.024116 5.0263653
261 4.7625527 1.4898415
916 -1.6703135 4.0953655
794 3.5778458 6.848843
908 -1.8460883 4.825211
308 -2.2698152 5.514762
11 2.0775366 0.79932404
1100 -0.72133404 2.2493076
458 3.874899 1.089135
1018 -2.4795685 6.0542955
726 -0.19841456 1.4789263
759 0.13556848 1.154371
617 0.25178814 1.0152295
640 -2.4255288 5.925946
733 3.293573 6.8957777
603 -2.7412732 6.681857
3 3.4637284 6.8113165
600 0.12166087 1.1630421
408 6.8663855 1.7925992
578 0.96197414 0.5976208
593 0.12882975 1.1459174
416 6.693881 1.7665027
597 0.12536101 1.1610501
751 2.5787532 0.9641694
51 -2.150614 4.966968
729 0.12671424 1.1532407
155 2.29768 0.81210995
1082 -1.9749777 4.923245
335 6.5580487 1.7779987
459 0.2040742 1.0410846
317 -0.06113904 1.1867135
126 6.0202475 1.6654825
1052 -1.8886132 4.3415914
797 0.25502855 1.025474
36 0.27393308 1.0387026
955 -1.4489728 3.782459
100 5.705921 1.5980786
293 0.28859463 1.0295801
938 3.9708922 6.2985187
893 -1.8248401 4.7555385
449 7.202371 1.9039383
162 -1.3364232 3.3776977
950 -1.7989297 4.7240973
986 -2.660013 6.468407
810 -2.1310616 5.2154875
934 -2.4334211 5.765724
179 7.234319 1.8951609
990 -2.6355574 6.4368653
1066 -1.4837642 4.0159307
532 0.9511083 0.70729655
359 0.8127705 0.76551485
877 -2.656963 6.4803767
404 -0.59640175 1.9677802
201 0.22680499 0.99942654
874 -0.09525382 1.3242857
546 -0.48032895 1.9415236
713 0.21371555 0.89809215
579 3.4967194 6.605667
923 3.503744 6.63693
926 3.453376 6.601868
460 1.2181473 0.556274
129 0.2050315 0.9666844
208 7.2067323 1.9096888
663 0.8936053 0.734541
849 3.5074732 6.54969
172 0.6023654 0.29412156
160 0.9820717 0.67245436
689 3.414834 6.7415476
686 3.3840754 6.6757956
681 3.5693734 6.5197325
138 3.3630254 6.600775
1079 3.3769238 6.5789914
623 3.382624 6.6453567
585 3.295569 6.7007604
288 3.175667 6.6486087
609 3.3073065 6.644715
1004 3.3828523 6.5971675
871 3.4278688 6.460968
1064 3.3854601 6.5564365
695 3.3481839 6.5348907
143 3.398663 6.543944
554 3.3583443 6.6133776
550 3.463854 6.5798564
275 6.3934655 1.7099714
817 3.4055097 6.591027
206 0.21638015 1.0699182
223 -1.3551586 3.5234275
900 2.646333 0.9713365
486 -0.84370494 2.632931
557 3.4342623 6.5699677
166 3.4108438 6.639909
1072 3.3322256 6.6138344
541 -0.8110235 2.3772945
420 7.1461296 1.873855
310 7.086452 1.8666704
149 7.0908933 1.8670294
325 1.7571273 0.79572767
802 1.2011772 0.7224041
140 2.3097358 6.972482
971 0.21243289 1.0105351
1046 3.343845 6.4819164
624 -1.4894037 3.8428197
881 -0.30115768 1.3728406
167 -2.9958177 7.0914803
887 2.1881905 0.8041285
658 0.5698103 0.8271478
95 -2.6718981 6.56533
40 -1.1965784 3.2168381
177 3.471332 6.396697
533 -0.5290457 2.0377948
225 0.8310227 0.7431155
743 -1.3121353 3.5639842
984 3.282614 6.494155
429 3.2749152 6.547318
188 5.4660125 1.666637
710 -0.48375225 1.717943
218 5.74116 1.5443037
568 3.3234262 6.4368258
283 5.3425293 1.6273861
131 1.669261 0.7597617
610 -1.6442534 4.1303506
18 6.294783 1.7116616
766 -2.5479164 6.2276278
254 3.301475 6.518483
468 5.925078 1.6014284
758 -0.5536692 2.0156858
1047 -1.0654347 2.8790698
424 3.1316884 1.0855399
621 1.1202722 0.5682523
348 3.8581963 1.079195
1037 3.3549504 6.467551
274 -1.7831956 4.49472
266 0.3523103 0.984269
975 -0.32743537 1.5601143
999 2.1784549 0.8354064
164 4.7508855 1.3752643
186 3.2883697 1.1225196
135 3.2806513 6.483038
964 -0.81966275 2.160777
809 -2.0115778 4.664859
107 -0.25458103 1.3522049
28 3.4057567 6.30916
965 -0.34608647 1.6094104
168 5.7802577 1.6018376
719 -2.6438248 6.4498343
746 -1.3293042 3.1133325
132 3.286796 6.457391
285 0.24465881 0.931242
645 -2.3641431 5.623673
260 5.814923 1.5783216
52 5.040248 1.5540434
538 -0.5866527 2.1003819
1067 3.433405 1.0526981
1080 -0.06304957 1.2069628
292 0.19410138 1.0685631
151 6.1300397 1.644568
739 -1.7632598 4.3849044
327 0.28309703 0.81221235
414 6.0391254 1.7048608
205 -2.6911707 6.462198
406 1.7186059 0.8247578
411 0.101615615 1.1376706
227 1.7628435 6.4287972
222 -0.024219273 0.9707742
941 -0.2599846 1.5989841
945 -1.5039455 3.896048
1088 3.2256618 6.333788
495 3.2209547 6.361548
826 2.144738 0.8862465
159 6.533788 1.7654425
133 -2.503757 6.068527
1040 -0.899281 2.6335926
235 0.18634854 1.0395238
724 3.8622959 6.0077066
59 2.2995403 0.72128695
534 0.77047604 0.6630214
116 -0.03182114 1.0552739
148 6.16197 1.7062008
229 1.0713797 0.7048547
171 0.19437063 1.0526642
1044 0.50979114 0.80003774
17 0.7659573 0.78557056
471 0.15336719 1.079962
448 -3.083808 7.3646
627 2.2193122 0.88082254
318 -0.404269 1.4313325
247 0.19889916 1.0808986
6 -1.0145743 2.6164587
933 -0.7797362 2.2612193
197 0.9742614 0.7800718
779 -0.6146714 1.9501624
413 2.9173875 0.925405
669 3.4270484 6.271952
1049 -0.3470219 1.7203699
461 1.0507991 0.74610543
394 4.259994 1.2449981
307 3.2204711 6.2599187
300 3.227965 6.2429476
302 1.0909837 0.56039715
319 3.227052 6.247236
637 -1.8508139 4.5785713
110 0.022145804 0.9427984
320 1.5500696 0.7544152
542 -0.47318432 1.8205439
57 6.7351046 1.8294312
838 0.40053305 0.76669043
548 -1.5892254 4.0533714
45 6.0865836 1.6293097
74 -2.45772 5.9395227
778 -0.8610726 2.7057855
526 3.166354 6.2216187
472 1.3863366 0.51248026
16 -2.5064297 6.034469
594 -1.3052617 3.4102879
676 -0.35243845 1.5075728
633 -0.6819834 2.17852
215 3.0964775 0.983721
853 -1.1519847 3.154475
191 -2.869346 6.812241
882 2.2254431 0.8642999
56 6.517638 1.7627599
741 -0.95274097 2.664996
540 3.1504486 6.231215
415 3.2127366 6.235344
745 3.2364926 6.1571984
277 5.1863875 1.5796663
883 -0.56738937 2.0748785
714 -0.9780652 2.8904665
134 -2.8911836 6.98697
175 5.8577576 1.5806338
378 -2.8164334 6.6989865
209 4.916451 1.3849545
951 1.2718971 0.7198207
731 6.5689163 1.821316
948 6.64142 1.849969
904 3.1064973 6.2132072
625 0.6751887 0.7513589
820 -2.414203 5.889116
111 -2.5220356 5.9308376
39 3.4294424 6.1118727
545 3.1445777 6.1880145
294 3.0837107 6.198245
1011 3.0915194 6.1667514
723 3.0080001 6.2767196
1078 -0.54966915 2.0548518
992 0.5297342 0.76826847
86 3.1241102 6.1566143
654 -0.1819369 1.2704133
684 3.56814 6.188465
242 6.5936775 1.8091396
5 3.1140015 6.205179
655 -1.6000046 3.99729
396 3.1080709 6.194105
243 5.9884973 1.5934643
239 4.6132665 1.2435318
841 3.02939 6.151427
276 3.1126478 6.169271
954 3.5420675 6.1239214
813 3.2083154 6.1265764
290 6.317083 1.7406474
527 3.0604515 6.155651
1010 3.1795573 6.1220574
570 3.0911217 6.1252375
379 3.1065154 6.172049
21 3.1578577 6.180507
136 3.1640453 6.189169
70 3.0888472 6.1330094
995 3.0624092 6.1456227
123 3.203106 6.0332203
102 3.2560241 6.0429735
455 3.149805 6.090644
279 3.1049056 6.088895
572 3.1863666 6.1675696
712 3.2094212 6.1290183
652 3.0982838 6.260646
639 3.0999742 6.2549534
418 3.0690436 6.1541977
178 3.0823731 6.1734204
321 3.1563096 6.1217866
212 3.1839192 6.1141577
1007 3.1873586 6.1811986
582 3.1979551 6.1739516
384 3.1626036 6.1594024
122 3.1444623 6.1616325
477 3.1374412 6.203759
187 3.124972 6.168233
607 3.0948856 6.2068715
772 3.1524832 6.181787
1013 3.1346748 6.151304
469 3.0977862 6.1852174
1089 3.1747346 6.1014795
860 3.1683247 6.139864
1009 3.166473 6.159314
522 3.1803894 6.1619563
501 3.1924393 6.146118
1003 3.1613932 6.146319
365 3.02478 6.1776304
22 3.0416486 6.1935916
146 3.1405814 6.150837
289 3.1566322 6.138138
989 3.1352434 6.0836153
832 3.145967 6.091073
83 3.1605642 6.1168814
85 3.1148543 6.1776476
105 3.094526 6.1356654
462 3.0642352 6.1240354
994 3.1925948 6.1371245
786 3.1311362 6.1522865
267 3.2722144 6.1131907
41 3.2484565 6.114148
248 3.0238059 6.1440635
109 3.0545084 6.1406064
233 3.1076543 6.116405
748 3.0970864 6.1094584
90 3.2394361 6.106148
69 3.2175093 6.1142845
94 3.1789865 6.1572704
29 3.140661 6.161484
369 3.1102376 6.149703
490 3.0795457 6.173659
574 3.1289153 6.139499
902 3.0929213 6.164039
963 3.0819433 6.1783953
556 3.1023421 6.1674285
530 3.158926 6.16581
657 3.1759186 6.1496406
930 3.085017 6.1585317
775 3.13035 6.1319437
912 3.1245215 6.170216
957 3.110333 6.162018
1043 3.174844 6.2021513
956 3.1214385 6.2482834
1021 3.1421852 6.120322
798 3.1015017 6.1297417
419 3.175953 6.11184
84 3.2273076 6.09432
764 3.1870651 6.233163
876 3.2661393 6.191236
1083 3.0077863 6.1751733
503 2.9970357 6.160382
32 3.2070642 6.044466
704 3.1941357 6.0844297
511 3.2334943 6.109857
518 3.2042975 6.1221423
507 3.1769693 6.104623
998 3.142015 6.1253195
848 3.1199517 6.1428995
835 3.1526425 6.1512084
781 3.0447314 6.209302
937 3.1218457 6.1818914
505 3.25544 6.1342845
1061 3.2265925 6.1293917
370 3.073409 6.1259704
402 3.1274884 6.146675
734 3.1440845 6.157636
972 3.174869 6.1567297
917 3.1557317 6.199167
807 3.188558 6.217108
380 3.0713403 6.1456017
207 3.0710523 6.1498723
854 3.1065276 6.2316356
819 3.092662 6.2175407
925 3.061173 6.2206726
508 3.1042676 6.1968155
939 3.3977304 6.0701013
592 3.3408375 6.0830717
252 3.1335142 6.1015253
456 3.061705 6.1389933
204 3.252597 6.0567427
194 3.2289016 6.0885196
1022 3.0360153 6.1658506
982 -1.8446044 4.181688
330 3.0868192 6.159091
232 2.0662186 0.8775667
409 1.3601376 0.5293187
68 2.705288 0.9801779
433 3.2053127 6.1639233
707 3.1534774 6.165575
1053 3.2081945 6.098518
868 1.3617674 0.7493334
720 6.5646267 1.8342408
328 3.1141706 6.1403604
763 3.018262 6.135368
35 3.102092 6.148133
535 3.123305 6.1316814
752 -0.18238433 1.4777637
575 3.0815597 6.0964484
269 3.0788033 6.1485066
426 6.4225216 1.759475
457 3.1055124 6.131096
560 3.2174504 6.1049995
828 -2.1906078 5.2290406
153 4.4122877 1.2266444
50 3.0820408 6.0793147
210 3.1345417 6.055037
844 1.3875344 0.6816749
118 -0.44336453 1.9091233
19 1.9695561 6.9950657
1090 3.0312426 6.131576
481 -1.0112349 2.993152
947 0.52168727 0.749488
642 -2.191591 5.248253
1050 -1.3846358 3.8203573
485 5.514645 1.5137024
407 -1.9295877 4.7538486
189 0.38733175 0.91869825
1029 -0.40514132 1.6660091
896 -1.3632916 3.7981026
213 -1.0178962 3.0775192
421 0.42737257 0.7334478
23 3.4434638 5.9710855
580 0.8067868 0.7523181
850 1.1411712 0.7371588
629 -0.69343996 2.349299
608 -0.8077412 2.5780456
1042 0.541587 0.73951256
839 -0.90375936 2.451313
315 6.022981 1.6567761
872 1.7137878 0.6881026
351 0.19637175 0.9444361
906 -0.25698563 1.4134803
270 3.9468777 1.1298066
250 0.276139 0.55669355
774 0.614207 0.64469534
256 5.92603 1.6360384
130 2.2287688 0.8077691
825 -0.35771853 1.5112901
78 -2.8438776 6.834322
165 3.0903542 5.970985
60 2.589776 0.9615266
180 -1.251306 3.1435697
26 0.7304507 0.6120727
371 0.2775178 0.8243542
354 6.7669835 1.8133671
63 1.9904655 0.83111036
58 4.614919 1.3084483
837 -1.1643101 3.1832297
114 4.7019687 1.3944792
316 1.1337397 0.4307627
124 6.2798853 1.7005203
333 -0.112006165 1.1938044
671 2.5854502 0.97263825
708 -1.5113924 3.9276726
890 -0.17445725 1.3255031
53 4.478861 1.2847648
983 -0.74364233 2.2649143
121 0.42441913 0.7860155
258 0.2109946 1.0084955
857 -0.27004918 1.4215943
355 2.9170082 0.9419829
761 -1.608207 4.1234922
918 -2.0255501 5.042469
569 -1.8693724 4.7075453
200 -2.9489095 7.0515475
756 3.6771069 0.84579515
940 -1.0520772 2.870885
921 2.9963803 5.923568
875 -2.2587636 5.5475526
423 0.3463663 0.988611
1035 -0.03376974 1.1423839
217 0.6622483 0.83262235
71 4.2331104 1.3389461
483 3.6777084 1.0670311
1058 0.67459285 0.75037366
599 3.0096922 5.94833
976 3.0197515 5.9121065
376 0.61610466 0.64796317
762 -1.3606924 3.5556035
444 5.5199986 1.5082036
301 4.9854426 1.3944775
1048 0.4999696 0.87821966
634 -1.0290724 3.0295496
497 1.6237668 0.7073249
701 -1.1084608 3.1464055
441 3.0481195 5.8954268
769 -0.36747995 1.7549603
1098 0.23220472 1.0726193
606 -2.438253 5.9666147
174 5.6246004 1.5427455
915 3.480784 0.80004704
199 -2.8682423 6.859519
869 -1.0544691 3.0508294
226 5.148378 1.4424949
262 1.9408956 0.8347052
437 3.3670754 1.0618324
91 6.621177 1.7759264
43 2.6720345 0.9678724
281 6.164563 1.6833899
393 3.1085606 5.8122973
268 5.41302 1.5274255
1039 -1.715357 4.2876654
1038 2.9221838 5.902605
1085 2.8953152 5.892485
987 2.9199722 5.8654823
549 3.0264904 5.8751025
935 0.91874397 0.76879346
604 3.22331 5.82629
544 2.9500358 5.9042096
467 3.8029935 1.2095287
996 3.061023 5.8412952
620 -0.18421324 1.48233
631 3.0881684 5.825952
910 3.0576835 5.7440248
184 0.36010894 0.96289814
755 0.5880896 0.8613839
818 2.9884508 5.810887
911 2.887876 5.9134183
730 -1.0149187 2.9766479
259 -2.208454 5.3725114
682 2.9848866 5.8231244
981 -0.11148141 1.2678423
510 -0.26939562 1.5550237
866 3.2984333 1.0514351
618 3.0505354 5.883138
846 2.8983192 1.0079963
1045 3.0199757 5.8599133
434 2.9622016 5.853332
1086 2.941002 5.8431187
670 0.5695178 0.8665448
659 -1.490629 3.8979542
345 3.0344756 5.8832197
587 0.005857467 1.1805078
1051 1.0311769 0.5333541
161 1.751194 0.7936464
749 4.475725 1.3352296
632 2.9856458 5.856057
491 2.9466932 5.780452
92 6.504764 1.7550446
744 2.7693348 5.9813666
787 2.8849063 5.912591
856 0.9887012 0.73987246
747 1.6748253 0.63598526
717 2.9664395 5.7687783
573 3.153577 5.708042
966 2.9879353 5.9129486
442 2.9998693 5.8131146
555 2.8132496 5.9673457
1008 3.067289 5.82777
735 2.708593 5.887485
785 5.3170304 1.5396385
103 -1.4727691 3.2238622
141 2.8611548 5.823002
492 2.9450705 5.7932634
833 2.8935995 5.8173914
219 2.953159 0.97087973
297 2.9887917 5.728253
977 1.3215724 0.698246
699 0.17016153 1.1091399
453 6.5260496 1.7728214
451 2.9695144 5.7675567
601 0.6081256 0.853989
362 -2.3320956 5.858642
216 -0.3122306 1.5768385
112 3.1288989 5.7242537
537 2.7664666 0.9861332
93 2.9834495 5.7517223
691 0.089894906 1.1579186
96 2.9914227 5.7335515
581 2.9517102 5.7540326
1 3.8906682 1.1070937
452 5.334988 1.5805591
280 -2.811742 6.6475515
72 -2.021695 4.818964
899 1.7874318 0.7643872
372 6.2605543 1.6792452
263 0.4162713 0.8950329
347 5.3701015 1.5380908
694 3.0148323 5.733934
944 2.9938595 5.728304
67 0.5981326 0.7952714
942 2.732728 5.7638326
349 5.6772366 1.5697275
221 -2.3370266 5.60806
683 -2.2911918 5.359119
685 3.0685298 5.729722
1095 2.9761775 5.6973295
783 2.995968 5.693565
443 -1.8615868 4.5227838
154 5.086489 1.3893331
502 2.9974637 5.6976576
644 -0.8285506 2.4640455
687 3.1354337 5.7087297
1017 -0.9406225 2.1634126
831 5.815995 1.5897427
387 -0.33142206 1.6885465
75 4.956413 1.3850359
660 -1.2195343 3.291548
99 1.2647331 0.5651342
157 -0.036078893 1.163605
1032 0.80419546 0.7725851
952 1.824958 0.7915656
425 6.079044 1.618745
88 -0.11037778 1.0769289
970 2.894848 5.6811757
156 -1.6966892 4.2175117
139 1.0021137 0.6976898
98 5.3561807 1.5520594
390 -0.68118876 2.3855858
1041 -0.48347196 2.0025568
698 0.52151227 0.8470997
54 -0.6852063 2.3539956
245 -2.1356478 5.242234
339 -0.349507 1.6527649
48 5.9151497 1.561523
13 1.0825132 0.48446792
539 2.7068472 5.7291675
936 -2.0982275 4.8475356
692 -1.3197312 3.4226847
34 0.16636655 1.0312766
264 0.14440407 1.0915896
251 4.6379557 1.4092207
381 5.4792776 1.4862237
1060 -1.2648381 3.585329
630 -1.6437713 3.9618468
246 5.9927535 1.6634359
306 0.7056838 0.78657454
626 2.6633341 0.935394
1012 -0.44133964 1.9282373
464 1.8706949 0.64820325
641 2.7770097 5.681794
356 6.299876 1.6600019
198 0.3880248 0.7464921
531 -1.0503899 2.8767593
958 -3.003935 7.1722145
104 2.802768 5.6743326
892 -0.34837714 1.1111863
337 3.0004911 5.5049734
668 3.0169127 5.605514
765 -1.0610886 2.9731874
340 5.684422 1.5570105
836 0.5508021 0.6907206
679 -1.2228925 3.3897343
377 5.9939537 1.6292863
1016 -2.425279 5.972519
272 -1.9008993 4.7478976
299 0.1936681 1.0896922
1033 -0.12810203 1.3010442
144 0.422261 0.77364475
886 0.47288585 0.88222635
978 -2.4732184 6.016598
89 3.085916 0.99040204
296 0.67261726 0.38378018
822 -0.7267109 2.3541021
706 1.8671099 0.78160125
796 5.323279 1.4385545
753 2.7379527 5.6483693
47 -0.3149442 1.4337165
742 5.3471723 1.5155152
1026 -1.0550163 2.8907437
1014 2.9644718 5.621919
959 2.950141 0.9785533
145 2.6308863 0.9849742
728 2.730446 5.6673007
584 -1.8182509 4.6549897
62 3.2882051 1.0047079
894 2.9300914 5.585676
42 0.44515017 0.74511033
590 -0.74543256 2.5012114
636 -0.7308577 2.4324915
76 -2.9231725 7.0116186
993 3.0210783 5.5610056
77 1.4958001 0.46961927
64 0.67139053 0.6941392
564 -2.187609 5.3268614
754 2.9776747 5.576951
82 -2.0957806 5.1574287
649 2.9420326 5.5598984
525 -1.4723669 3.7834184
812 -1.8410757 4.6019397
638 0.8716907 0.6175431
616 -1.263955 3.379062
880 2.7772653 5.590016
738 2.5793662 5.7708664
605 0.19630028 1.1154405
454 3.6498322 1.1430248
700 -0.43322653 1.8526837
375 -0.32824463 1.5743728
711 -1.1868415 3.1263223
1059 0.5311665 0.7593846
651 -0.2544817 1.2595845
946 -2.1558194 5.3724365
20 5.1684146 1.4548352
612 -0.61375266 2.063952
38 -0.4086309 1.50386
852 -1.1183608 3.114545
591 0.07026136 0.98145103
732 -2.621207 6.397708
851 -1.7295922 4.433766
962 -1.9850279 4.916313
386 -0.20307487 1.2754745
446 2.969248 5.502938
776 2.6903403 5.6330056
823 0.8601016 0.6976842
870 2.6907406 0.99893254
1001 1.6529126 0.71717244
1000 -1.5636158 4.0048823
1028 6.219251 1.8069637
195 0.23613332 0.9576306
920 -0.91763735 2.8284752
969 -1.0934111 3.1423252
176 1.7118986 0.74869066
33 0.10946838 0.74418074
859 2.6868608 0.8507171
577 -1.1198142 3.128065
430 0.8550726 0.6415676
150 1.4445267 0.5333964
397 2.234253 0.9007547
228 -2.8594432 6.8364544
338 -1.0545709 2.989517
1065 -1.0365435 3.0583231
284 5.8126316 1.5849628
265 2.783714 5.473946
586 -1.6633343 4.288371
567 -1.169905 3.1145542
234 2.7848296 5.440248
914 -1.2457403 3.3211179
858 -1.4477755 3.7242963
824 -0.55116206 1.9936235
562 0.55620885 0.75123835
898 1.5433447 0.27752924
678 6.384003 1.8391579
897 -1.1674951 3.1820219
255 1.6503495 0.8252591
127 4.4287806 1.2283484
1102 -0.7230483 2.4142914
697 -1.3889221 3.5194561
628 -0.67121667 2.0739567
967 3.0157077 5.330753
865 -1.5619177 3.9589658
968 -1.1902621 3.1955175
447 1.1622747 0.71490264
163 5.5716333 1.5283906
142 3.014986 5.401174
801 3.7147112 1.0369033
688 0.023838315 1.207471
1030 3.153521 5.280069
843 -0.52097243 2.0205364
496 3.031492 1.0254909
903 1.2873892 0.25313258
1024 5.6291633 1.6532794
291 3.432457 1.1349244
647 -0.15492024 1.4410691
30 1.5030771 6.485504
943 -1.2674013 3.401646
398 3.3491023 1.1242027
185 2.0625699 0.733619
106 1.5182849 6.209059
576 2.7540493 5.421144
867 -0.5019008 2.006505
368 -1.2441608 3.565342
1087 -0.23151372 1.4299911
119 3.0043902 1.0686275
8 4.047978 1.1481183
417 -2.5679255 6.156869
615 6.2770753 1.8200682
928 -0.0871094 1.2506478
646 0.11599565 0.98799205
80 6.440694 1.720745
799 5.715004 1.6634333
137 2.4431982 0.96400064
7 -1.0867101 3.190313
392 1.0706723 0.21312252
37 -2.5293622 6.0705023
344 3.304075 0.74972695
979 4.5346475 1.4168323
949 3.6979263 0.8619447
391 4.5710683 1.3963326
1015 3.3481357 0.75470155
566 -2.708664 6.4971404
504 4.3301635 1.3336735
324 -2.3444545 5.798315
400 -2.5612268 6.126675
901 -2.4811614 5.9884405
666 3.269499 1.0947341
358 2.3358083 5.2046905
861 1.3414023 0.2502821
780 2.3005726 0.83819276
635 3.604192 0.84147716
237 5.394413 1.6012297
220 -2.5436225 5.9805226
980 4.438677 1.3656275
784 2.83218 5.108748
346 -2.0268261 4.6897383
827 3.4205313 1.0866053
667 1.0581938 5.8089485
374 -0.37363636 1.6985625
873 3.464064 0.786739
427 -2.7009249 6.4526563
821 5.223347 1.4770935
804 -2.314615 5.700435
120 -2.3582728 5.8472314
352 -1.3166054 3.473628
314 5.92441 1.5489049
367 0.58972496 0.78797615
336 2.0095491 0.8064079
493 -2.362887 5.8800526
476 -2.5107932 5.9823265
793 3.0985417 1.0638623
422 0.074913636 1.2404926
648 1.016526 0.68894833
115 0.44609442 0.8950965
1036 4.410676 1.3756934
927 2.2395208 0.8265757
973 1.2062119 0.2566967
271 5.3591495 1.4292413
304 6.060251 1.6424946
403 0.44348305 0.87735486
1068 5.7979045 1.5777521
553 5.8229437 1.579743
49 -0.14002265 1.3800801
834 -0.7117431 2.4093802
311 0.52006936 0.7351678
913 4.905341 1.3448101
690 0.5577935 0.75439113
891 0.7199473 0.645712
770 1.2945106 0.24238205
922 2.8893666 1.0100447
845 1.2491039 0.25077227
382 2.7359114 0.9337268
1023 0.43638092 0.8863884
27 4.947102 1.3396991
473 3.719292 1.1282426
803 0.4460238 0.88328034
715 2.655276 0.890573
1094 -1.8203903 4.1731124
773 -1.3569375 3.215426
323 -0.05350757 1.2138628
768 2.7947743 1.0223402
974 -1.5151103 4.06151
543 0.0026548926 1.2169626
664 -0.10835352 1.4546652
24 5.230853 1.4078466
480 -0.5408145 2.011638
1025 5.2730765 1.4277006
66 4.2655115 1.1828604
614 -0.69897443 2.398273
1055 -1.4644281 3.9878755
932 5.435567 1.529166
789 -0.1929223 1.4386313
536 -0.18683575 1.4264693
736 -0.11657447 1.5041652
991 -0.32274294 1.5510218
672 2.621248 0.952491
1092 -2.2268195 5.193454
677 5.461743 1.5408584
878 -0.91041523 2.6921353
1070 -0.67214894 2.353452
1031 -0.71572447 2.2313643
108 -0.30912977 1.5384581
750 -0.24372143 1.6465513
312 3.7106957 1.0499914
924 -0.5720346 2.1117876
509 2.57843 0.9572704
46 -1.4830283 3.7875688
61 0.028369997 1.0916166
985 -1.5292226 4.174567
1054 -0.5112429 1.9836429
87 4.4239354 1.2887584
703 -2.186875 5.1433163
173 0.3034887 0.7457772
14 0.5476204 0.6786116
782 -0.5939162 2.2025442
498 -0.6727667 2.3195941
488 0.44776738 0.8300459
487 0.17858995 1.0681171
482 2.5694828 0.9682569
466 -0.1546008 1.5559219
489 0.93826646 0.75917125
611 0.6212819 0.75903517
463 5.7786465 1.4914935
2 4.854981 1.3500121
236 5.435153 1.4817849
465 1.0463982 0.73342806
331 4.9838753 1.3912344
661 -0.13835727 1.4875739
1006 0.16516848 1.0836865
513 2.80241 1.0029857
1057 3.3415499 1.0834017
475 0.1572243 1.1428858
727 -0.88108027 2.6200116
888 -1.0714333 2.9160883
792 -2.2988088 5.6299233
529 -1.0289133 2.79664
479 5.25012 1.4932126
12 1.4195193 0.6485762
298 -0.39199632 1.7575341
363 2.6962261 0.93687695
571 -1.8667619 4.6952586
1056 3.139106 0.9856094
674 -0.97494113 2.7213874
524 0.90127873 0.7843143
1002 -1.2070545 3.4043283
675 2.730242 0.99661255
395 -0.90192014 2.7208652
757 -0.8683568 2.5399036
117 -1.277056 3.2319782
385 5.328534 1.4633763
767 -2.0259788 4.876317
1074 -1.0685691 2.9317038
1081 -1.0680709 3.20158
241 1.0380759 0.7127563
305 -0.12082742 1.3379818
357 0.33162004 0.85106987
879 -1.5107186 4.0741754
44 2.566818 0.81327677
440 3.111508 1.0921135
240 0.72111523 0.60982054
589 1.048752 0.72854656
583 -1.3704611 3.7124176
515 -0.5809918 2.0925286
790 -0.84616655 2.6399806
499 4.1298904 1.2113588
552 0.57355565 0.67441905
147 -0.96549606 2.7736573
788 0.1956556 1.0305485
192 1.2561923 0.62982255
830 0.6799723 0.7252108
224 1.3729417 0.7551455
360 -1.1181719 3.025325
905 0.67454994 0.7614145
10 -0.30496943 1.5725191
884 -0.5538982 2.0967216
777 -0.3503039 1.6397927
1071 -0.32632914 1.560583
286 5.1862636 1.4716052
1005 -1.4577368 3.7620616
1063 -1.0409939 2.9043224
470 4.403123 1.2670497
800 -1.7926685 4.526397
907 -1.3420542 3.449179
516 -0.42221287 1.9178265
512 -1.136024 3.350563
806 0.78483 0.67561436
561 0.60447776 0.7833247
31 4.8771 1.3794507
249 2.6884727 0.99347
718 -1.9211373 4.727459
500 -0.3554442 1.6305864
523 -0.49671042 1.9295735
815 -0.7916044 2.5133052
25 4.1443515 1.3189975
816 -1.1474872 2.9197404
494 -2.0456655 4.926916
1077 5.3491216 1.453234
613 -0.19123831 1.5829679
65 -1.0345556 2.7931652
128 0.588644 0.678596
864 3.8519275 1.2338183
997 2.3939264 0.9290372
1096 -1.0062429 2.9693067
808 1.7381151 0.8104177
722 2.370867 0.941424
9 -1.1597574 3.0805373
931 -2.054575 5.217937
680 -1.5549116 4.029449
721 0.95494294 0.7511084
410 3.1338716 1.0470603
361 -1.8520914 4.570897
326 3.1219573 1.0684943
484 0.15650398 1.0211747
622 1.5339009 0.7661931
388 1.1293757 0.5847009
309 0.61463106 0.8016049
341 4.40794 1.3909456
805 -1.1111839 3.1189845
435 2.3741996 0.93319315
412 -1.2417479 3.3096094
716 0.066196695 1.1873288
855 -0.34351227 1.5469759
725 -1.0656564 2.9135602
282 0.6036074 0.78166777
791 -1.2967025 3.4132617
343 4.7013154 1.3180966
474 0.060363013 1.2080619
190 1.2450987 0.81395215
960 -2.0382407 4.984717
273 -1.7898726 4.463571
364 1.9306815 0.87790215
1019 -0.82088983 2.6937144
551 -2.3966942 5.8010573
656 -1.0458921 2.850633
662 0.0705593 1.1821828
840 0.1213458 1.133905
399 2.2363098 0.7761473
595 4.303492 1.2012914
353 3.339706 1.1567347
643 0.5919041 0.7166749
1091 -0.029088255 1.2547643
450 2.816995 1.0135403
919 -1.0178735 2.8167217
1101 3.3537416 1.1040909
953 -1.3308069 3.5110104
1062 1.6780967 0.75945306
